1555 1979 1980 1556 1184 1978 1482 1481 1487 1489 1912 1838 659
740 2380 716 82 2453 1920 1106 1113 1377 739 83 86 84 85 715
1761 1643 442 445 444 1760 439 436 437 434 435 432 433 430 953 447 446 431
1372 238 239 234 236 237 233 2209 1371 1370 1527 1375 1376 1528 1529 1798 244 241 240 243 242 2211 1620 1532 1745
1278 1269 1268 1270 1271 1272 1273 1274 1266 1265 1275 1267 123 735 1276 737 736 1762 738 1277
2407 2493 2492 2181 2497 2406 2182 2404 2405 2365 2161 2159
1094 1095 1096 931 2012 1093 1719 1722 1723 1720 1721 2013 169 2014 399 174 173 172 171 170
2095 2097 2096 2091 2090 2093 2092 2098 1946 1945 2152 2030 1394 1393 1392 1391 1390 2088 2089 2086 2087 2085 1388 1389 1898 1387
1807 1582 1809 1586 1587 1584 1585 2384 1583 1293 1294
1263 1262 1261 1260 1264 1908 1909 1906 1905 2099 2200 1902 2381 2385 1259 468 465 467 1910 1386 2084 2103 1385 2101 2100 2104
2070 198 2071 195 194 197 196 788 190 789 928 2069 1545 186 187 921 188 923 925 926 927
1641 1640 1637 1638 1639 1635 684 682 2356 1231 683 680 685 681
1421 1420 881 880 1803 1802 1801 879 876 877 874 875 872 873 878 1419 1422 1418 1417 1423
1199 1198 1993 2203 1995 1994 1996 2293 2081 1195 88 1197 1196 2082 1874 1872 1873 1866 91 93 92 87 89 90 2008 2009
1524 98 256 99 1525 1526 1518 1520 1521 95 94 97 96
1700 115 1696 121 1416 109 117 120 114 108 116 111 110 113 365 119 118 1698 1699
579 1771 1773 580 1772 461 463 462 1768 1769 229 1634 227 226 1766 1767 1765
1140 2055 2054 2057 2056 2059 2058 1507 1508 1139 1138 1137 1136 2061 2163 2060 2164 2062 2063 2064 2065 2066 2067
275 270 2219 2222 2220 2221 263 271 272 273 267 1103 265 264 274 269 268 266
748 749 1570 828 1248 1903 2031 2073 2247 2074 753 752 751 750 825 1572 1571 846 845 844 843 842 841 1245 1244 1247 1246 1249 824 827 826 823 822 1569 1568 1701
1156 1159 1161 1162 1163 1155 1154 1580 1941 1333 1579 1943 1160 1940 1158 1334 1336 1157 1335 1337 2428
1759 1463 1459 1454 1456 1457 1450 1451 1452 1453 1464 1466 1461 1460 1449 1462 1758
1305 1300 1301 1302 1303 1298 1297 472 473 470 471 474 1296 1299 1295
201 203 202 1146 1147 207 200 209 208 1148 1149 1194 1786 1787 2151 206 803 205 1193 204 805
144 145 142 143 140 141 1100 2174 2401 1837
854 855 1888 1472 1473 1476 1477 1474 1475 1467 1890 1468
1609 1608 1615 1618 1619 1616 1613 1614 1602 1605 1604 1610 1606 1612 1607 1617 1611 1603
964 965 966 2456 2471 962 1738 963 2467 2266 2345 2265
775 771 767 773 772 770 1590 2409 774 2423 1591 2410 2408 2239
974 973 972 2282 2283 2424 2138 2139 2142 2141 2448 1892
1817 1335 1821 1337 1336 1818 1820 1819
630 1176 1175 633 2217 635 637 638 639 629 2218 632 640 643 1174 645 1899 634 644 1900 1901 631 642
2238 2279 535 2278 537 536 1254 534 533 532 531 1258 538
1713 319 318 1441 1918 325 322 323 320 321 326 327 324 1440 328 1101 1917 1439
1059 945 1092 948 949 946 947 944 1062 942 943 940 941 950 939 1060 1412
1397 1534 1840 75 1536 1535 74 73 71 1398 1573 1396 1395 1538 1537 72
1024 1021 1020 1023 1022 1764 1757 1018 1019 1014 1015 1016 1017 1012 1013
1069 1316 1315 1074 1075 1072 1073 1070 1071 731 730 733 732 734
216 217 214 215 212 213 210 211 219 829 224 223 222 221 220
1052 1053 1054 1055 1056 1057 1058 1933 1932 1937 1936 1935 1934 1939 1938 1915 1914 1916
1747 1752 2001 1748 1749 1751 1756 1746 1754 1753 1755 1750
1984 1985 1982 1983 2444 2292 2431 1649 1648 2254 2333 2317 1652 1653 1650 1651 2255
1777 1780 1781 1782 1783 1779 1778 1785 1694 1695 1692 1693 1691 1784
2442 2443 988 989 990 986 2284 2285 984 2287 2183 987 1804 2286 983 985
832 1349 834 1351 1350 1344 1345 1153 1152 1346 1561 1562 1347 1348 833 831 830 835
775 768 769 771 770 773 767 1590 772 1591 2409
623 717 1105 1112 1115 1116 716 715 1920 83 86 84 85 1113 739 1106 740 82 2380 1377 2453
1314 1313 1312 156 1310 519 518 520 521 522 154 515 1662 516 157
1378 2307 1379 276 277 278 279 1380 1381 1382 1383
907 905 908 909 910 2078 2387 2389 2388 2077 2076
1025 1434 1026 1233 1027 1006 1029 1028 1032 546 547 544 545 1007 1031 548 549 1030
869 856 857 760 761 870 871 132 131 130 128 129 2452
847 1285 1287 1286 20 21 18 1289 1288 849 848 1290 1291
902 891 900 893 894 895 896 897 898 899 1733 903 901 904 1011 892
133 137 136 135 134 139 138
1788 1789 1793 1792 1791 1790 1794 530
458 459 556 455 2339 557 70 460 456 457 67 68
785 786 2413 2412 2415 2416
2002 1544 1408 1409 1822 656 657 654 655 652 653 1410 1883 2117
1327 1328 1329 1331 1330 1332 1038 1039 1033 2246 1036 1037 1034 1035
696 697 694 698 699 700 2176 2177 2175
883 1306 1981 2486 2487 247 248 882 246 245
1177 982 980 981 1180 1178 1241 1240 1243 1242 979 1179 812 813 1182 815
59 58 55 54 57 56 51 50 53 52 60 61 1430
182 757 179 183 756 754 542 543 180 181 184 185 541
615 616 2480 2478 414 415 416 410 411 412 413 2481 2479
1043 1042 1041 1040 1047 1046 1045 1044 1049 1048
559 558 560 561 562 563 564 565 566 1309 1308
309 310 313 312 311 1206 317 316 315 314 1205 1204 2363 2149 2148
692 690 691 1125 1126 1127 689 688 687 686
2440 2438 2437 2439 1681 1680 1683 1682 1678 1684
2461 2445 2111 2112 2113 2114 2115
1542 650 1541 2432 646 2386 1366 1367 647 651 649 648 1368 1543
1164 1165 1167 708 709 1169 713 1168 712 711 710 1533
368 361 360 1698 113 369 366 367 364 365 1416 359 358 111 110 118 528 363 1699 120 108 362 117 116 112 119 1696 1697 121 109 1700 115 114
995 994 996 601 600 993 992 599 598 991 597
1869 1868 1870 1867 1871
339 337 336 344 345 346 340 341 343
2334 1185 424 2024 417 2023 421 420 423 418 419
2344 39 38 42 43 40 41 1491 1492 1494 1495 2004 2005 2006 2007 44 2374
1805 2447 1188 1189 1191 1190 1192 1187 1186 2390 2391
2336 1726 1724 1725 2068 1674 1676 1677 1673 1675 2335
153 1314 154 157 156 159 158 1310 521 522 515 155 1812 520 1312 519 518 1662 517 516 1313
2347 1353 1352 1357 1356 1355 1354 1595 1594 1596 2296 1593 1592 1415
836 837 840 951 838 839 1800 1666 1665 1664 1663
1087 1086 1088 168 164 165 166 167 160 161 162 163
693 618 619 554 551 617 553 552 620
627 1078 625 1076 1077 1735 1972 1971 1736 1970 1973 626 624
782 783 300 301 302 303 540 298 299 296 297 294 295 292 293 539
335 334 331 330 333 332 765 329 766
1212 2201 2202 1211 1216 1214 1213 1215 1944 2346
2213 1359 1358 2215 2214 1364 1365 1362 1363 1360 1361 1413
1739 2338 1744 2178 2179 1740 1741 1742 1743
1210 1209 1208 2280 2281 1207 2011 2010 2472
2468 1955 1954 1957 1956 1958
1728 1729 1731 1727 1732 1730
2433 2378 2379 2375 2376 2377
1090 1091 1089 1894 2105 1893
2040 2037 2036 2035 2039 2038
1307 1010 488 1009 1008 487 486 485 484 483 482
1814 1815 1816 1813 429 428 425 427 426
2459 48 49 46 47 45 2451 2450 2460
1135 868 864 1133 865 2436 867 866 2435 1134
24 25 26 27 22 23 28
1068 63 62 524 525 526 527 64 65 523
1702 1703 1704 1705 1706 1707 1708 2441 2258 2257 2256
2289 2291 2290 1796 1795 1411 933 932 937 936 935 934
1832 1833 1830 1831 1836 1828 2228 1835 2227 1827 1834 1829
568 569 578 573 572 571 570 577 576 575 574 567 2075
2132 719 718 2463 722 723 720 178 177 176 175 143 721 2133
1645 2309 1647 2312 2313 2426 2311 2310 2427
1317 1322 1320 1321 1326 1324 1323 1325 1319 1318 1913
1949 1063 1065 1064 614 1066 1951 1067 1950
371 373 372 1406 374 370
1622 1621 1425 1424 1427 1426 1429 1428 2118
1718 1717 1716 1715 1714
357 356 355 354 353
1436 1437 2484 2488 1438
308 304 305 306 307
2330 2329 2328 2327 2326
30 33 32 31 664 37 29 35 36 34
821 1852 1853 820 818 819 2402 2403 1669 1668 1667 1670 1671 816 817
1810 1811 2343 2170 2169 2168 2165 2167 2166
704 705 707 701 702 703
795 794 1173 792 1171 790 1170 1711 791 793 1172
1227 1226 1225 1224 2229 1229 1228 2025 2026 2027 2028
959 958 960 961 1151 955 954 957 956 1150
1630 1085 1084 1083 1082 1081 1079 1080
1632 1237 1557 1559 1558 1238 1239 1236
1712 498 499 495 496 497 500 501
380 381 382 383 384 385 386
1516 1601 1919 1515 1514 1509 1511 1510 1513 1512
387 393 392 391 390 397 396 395 394 388 389
967 2458 970 968 969 2496
1128 1129 997 1131 1130 999 998 1000
288 281 280 283 282 285 284 287 286
1877 1875 1881 1885 1882 1878 1880 1876 1884 1886
2277 1710 2316 2315 2276 228 580 462
1279 1281 1280 1283 1284 1282 2194 2195
2231 2230 2233 2232 2235 2234 2237 2236 2372 2373
2123 2122 2124 1997 1999 1998 2000
797 1588 1589 799 798 802 801 800 796
122 124 125 126 127 1274 1265 123 1266 736 1278 1270 1272 1273 1275 1276 1277 1762 1269 1268 1267 737 1271
2208 1921 1922 1923 1924 1925 805 804
449 1432 1433 1431 450 451 452 453 454 1250 1251 1574
789 1446 921 922 923 1448 196 788 925 926 927 190 1545 187 188 928 197 186 2070 2071 2069 189 198 195 194
469 407 406 405 404 403 402 409 408
605 604 607 606 603 602 610 611 609 608
1991 1990 1992 2226 2224 2225 2223 1989
509 508 510 511 507 513 512 514
478 480 476 479 475 481 477
810 809 808 807 806
1560 663 662 661 660
2259 2262 2263 2260 2261 2264
591 590 593 592 595 594 596 588 589
2191 2192 2193 1564 1565 1566 1567
741 742 743 744 745 746 747
1931 1930 1926 1927 1928 1929 1959
2288 2457 2150 1886 2244 2245 1884 1882 1879 1876 1877 1875 1881 1885 1878 1880
2047 1120 1121 1122 1123 1117 1119 1118
1631 726 727 724 725 2072 728 729
1223 1222 1221 1220 1218 1219 1887 1217
1502 1503 1506 1504 1505 772 1051 1050 852 851 2382 850
1445 1444 1443 1442
1578 1577 1576 1575
2477 2476 2475 2490
1849 1848 674 1851 2083 1847 1846 673 1850 675 670
2019 2021 2022 2153 2015 2020 2017 2016 2018
890 887 886 885 884 889 888
1551 1550 1553 1552 1554 1600 1548 1549 1599 1598
586 587 494 490 491 492 493
1399 1403 1402 1401 1400 1405 1404
669 668 667 666 665 2190 2189
11 10 13 12 15 14 9 8
1968 1969 1964 1965 1966 1967 1963
678 679 677 3 2 5 4 7 6
1809 2384 1293 1294 1586 1587 1584 1585 2383 2449 1807 1582 1583
1546 915 914 916 911 913 912 917
671 672 2109 2108 2110 2107 2106
979 811 813 814 815 1539 981 812 982
2367 2370 2371 2369 2368
1339 1338 1340 1341 1342 1343 2422
1658 1659 1661 1660 1656 1657 1654 1655
262 260 257 258 261 1810 1811 2343 2168 2169 2170 2165 2167 2166
1623 1627 1626 1625 1624 1629 1628 2392
1860 2319 1230 1232 1642 1859 1231
2125 2127 2130 2126 2129 2128 2131
252 253 250 251 249 254 255
777 776 780 781 779 778 1845
2300 2299 2298 2297 1869
347 352 351 350 348 349
1142 1143 2466 1141 1144 1145
1500 1501 1496 1497 1498 1499
2080 506 504 505 502 503
2499 2498 1407
151 146 152 150 148 149 147
861 860 863 862 858 859 1384
550 77 76 80 81 79 78
2446 2248 2249 2253 2252 2251 2250
2396 2397 2394 2395 2393 2398 2399
1861 1859 1860 1232 1230 1642 1231
102 103 106 107 104 105
2046 2044 2045 2042 2043 2041
2301 2303 2302 2305 2304 2306
2323 2322 2321 2320 2325 2324
2269 2271 2270 2273 2272
379 378 375 377 376
2051 2050 2053 2052
1960 1961 1962
762 763 764
2198 2196 2197
1097 1098 1099
1775 1774 1776
2188 2187 2186
230 231 232
2147 2146 2145 2144 2143
920 919 918
1825 1824 1826 1823
1858 1854 1855 1856 1857
1201 1200 1203 1202
1843 1842 1841 1844
1689 1688 1690
977 976 975 978
1863 1862 1865 1864
2358 2359 2357
2352 2350 2351
2136 2134 2135
2121 2119 2120
2341 2340 2342
584 585 582 583 581
2240 2241 2242 2243
1986 1987 1988
1 0
1490 1256 1257 1255 1252 1253 537 1254 533
2275 1004 1003 1002 1001 1636 683 1005 1231 1637 685 680 682 1638 1639 2356 1641 1640 684 681 1635
1685 2033 1679 1687 1686 1678
1942 2199 1156 1160 1580 1579 1158 1162 1154 1941 1155 1943 1159 1940
1455 1948 1947 1458 1465 1461 1449 1460 1462 1456 1457 1452 1453 1459 1759 1758 1464 1466 1463 1451 1454 1450
555 69 556 557 460 457 67 68 458 459 2339 455 456 70 66
721 142 178 176 2132 143 140 177 175 1837 141 2174 2401 2463 144 145 1100 2462 723
1976 1975 1974 1754 1755 481 1747 1748 1753 1752 1751 1749 1756 1746 2001 1750
1470 1471 1469 854 855 1468 1475 1476 1474 1888 1473 1467 1890 1477 1472
19 17 16 21 18 1288 849 847 1285 1286 20 1289 848 1290 1291 1287
1337 1817 1335 1334 1336 1818 1819 1820 1821 1159 1161 1333 1163 1154 1157
759 758 761 870 132 130 760 869 856 857 131 871 128 129 2452
2048 2049 1094 931 174 173 172 171 170 1719 2014 2013 2012 1095 1096 1093 169 1722 1723 399 1720 1721
1770 227 226 229 1517 579 1771 1773 463 462 580 1768 1769 228 1634 1766 1767 1765 1772 461 225
787 199 195 196 788 789 186 189 198 194 190 187 188 2070 2071 2069 925 926 927 197 191 193 192 1545 928 921 923 922 1446 1448
784 785 786 2412 2415 2414 2416 2413
1374 234 239 241 1529 1372 238 236 237 233 1373 1527 1375 1376 1528 1798 244 240 243 242 1620 1532 1531 1530 1745
1907 1263 1261 1905 1260 1262 1264 1908 1909 1906 1904 1902 2381 2385 1259 1911 1910
1531 236 1527 1529 239 238 234 237 233 1370 1373 1375 1376 1528 1798 244 1620 241 240 243 242 2212 2210 1532 1530 1745 2473 1372
478 481 475 1977 1976 1975 1974 479 476 1755 480 1754 1747 2001 1746 1750 938 1748 1753 1752 1751 1749 1756
1734 1735 1736 1077 1971 1970 1973 1972
1254 536 537 1257 535 1255 533 1253 531 1252 1256 1258 532 2238 534 2279 2278 1490 538
